# 1T1R L20_2_2_3, 150 consecutive cycles, R read at |V_TE| = 0.1 V
cycle	VG_SET_V	VG_RESET_V	HRS_SET_ohm	LRS_SET_ohm	LRS_RESET_ohm	HRS_RESET_ohm	ON_OFF_SET	ON_OFF_RESET
1	4.5	6.01	2.399e+07	11399.9	5022.44	725702	2104.4	144.492
2	4.5	6.01	6.82235e+06	11660.1	4517.55	815379	585.105	180.491
3	4.5	6.01	6.24528e+06	12961.8	6366.94	927151	481.822	145.62
4	4.5	6.01	7.23392e+06	13046.2	5599.86	1.33391e+06	554.485	238.205
5	4.5	6.01	6.23697e+06	12166.6	5417.91	935725	512.629	172.709
6	4.5	6.01	1.28703e+07	12178.7	5531.06	853449	1056.78	154.301
7	4.5	6.01	4.1567e+06	12574.7	5044.99	825559	330.559	163.639
8	4.5	6	5.91908e+06	13198.5	5693.28	744995	448.467	130.855
9	4.5	6.01	4.26088e+06	13501.8	5976.41	678418	315.578	113.516
10	4.5	6	5.57706e+06	13431.8	6020.57	625200	415.213	103.844
11	4.5	6	4.05056e+06	13256.7	6404.04	773273	305.549	120.748
12	4.5	6	3.90737e+06	12713.4	6130.1	904598	307.343	147.567
13	4.5	6	5.10152e+06	11870.5	5235.51	857233	429.766	163.734
14	4.5	6	3.80858e+06	11843.1	5324.29	598901	321.585	112.485
15	4.5	6.01	2.11359e+06	14893.8	8487.18	686474	141.91	80.8837
16	4.5	6.01	3.82739e+06	14518.6	8173.13	761400	263.62	93.1588
17	4.5	6.01	3.3055e+06	14030.7	7718.01	577124	235.59	74.7762
18	4.5	6.01	4.58481e+06	14921.6	8599.05	610538	307.259	71.0006
19	4.5	6.01	4.84397e+06	13948.4	7344.91	571839	347.278	77.8552
20	4.5	6.01	2.12492e+06	12303	5726.17	572802	172.716	100.032
21	4.5	6.01	1.74522e+06	11139	4898.31	598912	156.676	122.269
22	4.5	6.01	2.10041e+06	16532	10124.5	443763	127.051	43.8306
23	4.5	6.01	2.78243e+06	11974.8	5103.22	471574	232.356	92.4073
24	4.5	6.01	2.20641e+06	13606.6	7247.63	474274	162.157	65.4385
25	4.5	6.01	1.39572e+06	13485.5	7304.58	434242	103.498	59.448
26	4.5	6.01	2.59653e+06	13309.5	7056.41	499375	195.088	70.7689
27	4.5	6.01	2.55159e+06	11787.5	5431	490148	216.467	90.2501
28	4.5	6.01	2.07443e+06	19616.3	13352.4	446022	105.75	33.4038
29	4.5	6.01	2.60388e+06	17473.1	11497.1	460924	149.022	40.0903
30	4.5	6.01	1.71808e+06	11455	5125.93	437605	149.985	85.3709
31	4.5	6.01	1.97257e+06	11097.1	4695.14	404217	177.755	86.0925
32	4.5	6.01	1.81621e+06	15378.6	9103.26	462988	118.1	50.8595
33	4.5	6.01	2.34982e+06	13564.2	7498.01	496911	173.237	66.2724
34	4.5	6	2.349e+06	14200.6	8344.39	558128	165.416	66.8867
35	4.5	6.01	1.85057e+06	13630	7660.16	469901	135.772	61.3435
36	4.5	6	1.25621e+06	14537.2	7777.38	498944	86.4131	64.1533
37	4.5	6.01	1.63109e+06	13792.5	7847.27	408625	118.259	52.0722
38	4.5	6.01	684858	13029.3	6999.84	502015	52.563	71.718
39	4.5	6.01	1.51933e+06	11868.7	5457.51	473217	128.011	86.7094
40	4.5	6.01	2.91144e+06	12986.8	6652.18	444870	224.184	66.8758
41	4.5	6.01	2.36904e+06	20772.2	13291	405389	114.049	30.501
42	4.5	6.01	4.20635e+06	11656.4	5133.22	345542	360.862	67.3149
43	4.5	6.01	1.99318e+06	16745.9	10177.7	600261	119.025	58.9781
44	4.5	6.01	2.75731e+06	14520.4	7908.72	486756	189.892	61.5468
45	4.5	6.01	3.17344e+06	11763	5235.47	636497	269.781	121.574
46	4.5	6.01	2.56734e+06	14090.9	7377.48	519155	182.198	70.3703
47	4.5	6.01	1.23454e+06	16237.7	9320.65	521631	76.0292	55.9651
48	4.5	6	1.97057e+06	11073	4631.4	525662	177.961	113.5
49	4.5	6	2.23282e+06	14916.4	8663.24	623232	149.689	71.9398
50	4.5	6.01	2.81218e+06	14002.9	8025.94	615341	200.829	76.6691
51	4.5	6.01	6.08013e+06	13555.8	7760.11	585810	448.524	75.49
52	4.5	6.01	2.57022e+06	13885	7244.18	664906	185.107	91.7849
53	4.5	6	1.51057e+06	14194.8	8038.94	667288	106.417	83.0069
54	4.5	6.01	2.77261e+06	13691.3	7774.15	596754	202.509	76.7613
55	4.5	6.01	2.39773e+06	14016.8	8164.25	545463	171.061	66.8111
56	4.5	6.01	1.78052e+06	13369.3	7431.09	739350	133.179	99.4942
57	4.5	6.01	2.56144e+06	11683	4898.75	574828	219.244	117.342
58	4.5	6.01	2.85939e+06	11700.4	5689.97	548310	244.383	96.3642
59	4.5	6	1.83323e+06	11407.1	5428.53	694033	160.709	127.849
60	4.5	6.01	2.93718e+06	11183.3	5391.53	540803	262.641	100.306
61	4.5	6.01	2.45135e+06	11537.3	4701.86	455716	212.472	96.9224
62	4.5	6.01	3.63156e+06	11540.6	5677.27	686441	314.678	120.91
63	4.5	6.01	2.26272e+06	11022.4	5173.95	588623	205.284	113.767
64	4.5	6	3.9973e+06	11508.2	5780.66	671322	347.343	116.132
65	4.5	6.01	1.20911e+06	11449.4	5676.62	604320	105.604	106.458
66	4.5	6.01	1.76475e+06	13137	6924.44	638990	134.334	92.2804
67	4.5	6	4.12906e+06	11393.6	5351.32	669267	362.403	125.066
68	4.5	6	3.66841e+06	11108.6	5161.73	593492	330.232	114.979
69	4.5	6.01	3.29715e+06	11142.6	5286.52	705725	295.905	133.495
70	4.5	6.01	3.96015e+06	10826.8	4567.82	651816	365.774	142.698
71	4.5	6	3.36465e+06	11428.7	5357.2	472308	294.403	88.1633
72	4.5	6.01	1.94784e+06	12362	5640.41	584026	157.566	103.543
73	4.5	6.01	2.03074e+06	12142.8	6166.82	692682	167.238	112.324
74	4.5	6.01	4.32037e+06	11592.4	5577.77	570192	372.691	102.226
75	4.5	6.01	3.45152e+06	12241.6	6151.7	533655	281.951	86.7492
76	4.5	6.01	2.40051e+06	11452.7	5372.67	129843	209.602	24.1672
77	4.5	6.01	4.06485e+06	15631.4	9357.81	392668	260.044	41.9615
78	4.5	6.01	3.81728e+06	15214.7	9389.42	472710	250.894	50.3449
79	4.5	6.01	3.31876e+06	11985	5426.81	485625	276.91	89.4862
80	4.5	6.01	2.35795e+06	11050.8	5137.57	429834	213.373	83.6649
81	4.5	6.01	4.69055e+06	14539.9	8924.69	504982	322.598	56.5826
82	4.5	6.01	3.07704e+06	14672	8735.86	523078	209.722	59.8771
83	4.5	6.01	6.42068e+06	11366.7	5813	413483	564.87	71.1308
84	4.5	6.01	3.40135e+06	10791.9	5233.07	512988	315.177	98.0281
85	4.5	6.01	3.15208e+06	11186.3	5269.27	613350	281.78	116.401
86	4.5	6.01	2.34682e+06	10759.8	5168.7	573487	218.111	110.954
87	4.5	6.01	3.01554e+06	14049.2	8606.33	596047	214.641	69.2569
88	4.5	6.01	4.0794e+06	11333.2	5134.1	428376	359.951	83.4375
89	4.5	6.01	5.29779e+06	10719.8	4995.73	672454	494.204	134.606
90	4.5	6.01	5.49232e+06	11153.3	5015.91	646505	492.44	128.891
91	4.5	6.01	3.29747e+06	10271.8	4660.23	736125	321.021	157.959
92	4.5	6.01	3.34974e+06	11218	5778.19	621065	298.605	107.484
93	4.5	6.01	4.45127e+06	10186.7	5107.16	757892	436.968	148.398
94	4.5	6	3.26284e+06	11069.2	5237.26	761132	294.768	145.33
95	4.5	6.01	2.91143e+06	10942.9	5821.22	659656	266.057	113.319
96	4.5	6.01	3.05184e+06	11166.6	5453.93	654896	273.3	120.078
97	4.5	6	3.53294e+06	11375.5	5859.48	600425	310.574	102.471
98	4.5	6	4.14581e+06	11626.9	5963.19	716760	356.57	120.197
99	4.5	6	2.75451e+06	10845.2	4965.5	416327	253.984	83.8439
100	4.5	6	2.50262e+06	11890	5654.17	528525	210.482	93.4754
101	4.5	6.01	2.15267e+06	11373.2	4817.04	488027	189.276	101.313
102	4.5	7.01	3.00506e+06	13469.7	6000.19	624785	223.099	104.127
103	4.5	7.01	2.89302e+06	10613.9	3476.76	711156	272.568	204.545
104	4.5	7.01	2.6409e+06	12816.3	4396.3	513638	206.057	116.834
105	4.5	7.01	3.12878e+06	12595.2	3748.74	628565	248.411	167.674
106	4.5	7.01	2.70582e+06	15430.7	6782	511952	175.353	75.4868
107	4.5	7.01	2.48705e+06	11197.2	3731.33	674251	222.113	180.7
108	4.5	7.01	2.04119e+06	13148.4	3997.46	456046	155.243	114.084
109	4.5	7.01	1.21884e+06	12685.2	4755.26	619635	96.0841	130.305
110	4.5	7.01	3.8493e+06	14994.3	4943.38	720526	256.718	145.756
111	4.5	7.01	1.90735e+06	14629.9	6400.39	525883	130.373	82.1642
112	4.5	7.01	2.6619e+06	13743.1	4724.73	649129	193.689	137.39
113	4.5	7.01	2.46147e+06	13686.4	4737.25	800174	179.848	168.911
114	4.5	7.01	2.00082e+06	13242.4	4981.22	825102	151.092	165.643
115	4.5	7.01	3.04138e+06	14763	5694.52	630208	206.014	110.669
116	4.5	7.01	1.79842e+06	12720	4958.12	652233	141.384	131.548
117	4.5	7.01	3.49414e+06	15474.5	4855.8	499415	225.801	102.849
118	4.5	7.01	2.38279e+06	14781.6	4969.71	531282	161.2	106.904
119	4.5	7.01	1.67866e+06	15133.1	5079.16	691673	110.926	136.178
120	4.5	7.01	1.80778e+06	14700.4	4818.04	781369	122.975	162.176
121	4.5	7.01	3.48464e+06	14109.7	5091.08	701245	246.967	137.74
122	4.5	7.01	1.70682e+06	15105	4940.15	747450	112.996	151.301
123	4.5	7.01	2.82852e+06	12356.4	4953.35	663215	228.91	133.892
124	4.5	7.01	2.05265e+06	12507.8	4802.64	592959	164.11	123.465
125	4.5	7.01	1.71736e+06	12672	4728.7	751288	135.524	158.878
126	4.5	7.01	1.68251e+06	15312.7	6521.24	532353	109.877	81.6336
127	4.5	7.01	1.92999e+06	12250.9	4865.45	418733	157.539	86.0625
128	4.5	7.01	1.97659e+06	14029.4	6499.29	440994	140.889	67.8527
129	4.5	7.01	1.44263e+06	16098.1	6152.1	358140	89.6149	58.2142
130	4.5	7.01	1.44652e+06	15349.6	6567.13	571369	94.2382	87.0044
131	4.5	7.01	1.45718e+06	15160.3	7144.04	671575	96.1182	94.0049
132	4.5	7.01	2.87637e+06	17104.6	7142.2	652904	168.164	91.415
133	4.5	7.01	1.92446e+06	16363.2	6212.4	585967	117.609	94.3223
134	4.5	7.01	2.53012e+06	13590	6141.22	662246	186.175	107.836
135	4.5	7.01	2.2046e+06	16470.2	6968.72	587246	133.854	84.2689
136	4.5	7.01	2.29373e+06	16503.8	7357.42	615989	138.982	83.7235
137	4.5	7.01	3.07586e+06	16986.2	6692.18	745328	181.079	111.373
138	4.5	7.01	3.07714e+06	16714.9	6672.25	755367	184.096	113.21
139	4.5	7.01	2.33083e+06	16669.1	6083.74	700601	139.829	115.16
140	4.5	7.01	3.03728e+06	16687.4	6275.74	704218	182.01	112.213
141	4.5	7.01	1.92999e+06	14612	5555.53	631810	132.083	113.726
142	4.5	7.01	2.16508e+06	16145.5	5664.94	589567	134.098	104.073
143	4.5	7.01	1.92789e+06	16371.3	6397.53	659308	117.76	103.057
144	4.5	7.01	1.70775e+06	15413.1	5252.09	366312	110.799	69.746
145	4.5	7.01	1.01836e+06	16962.8	9226.1	560305	60.035	60.7304
146	4.5	7.01	1.51211e+06	15492.7	8061.94	528127	97.6016	65.5087
147	4.5	7.01	1.10149e+06	15070.7	7614.03	514535	73.0882	67.5773
148	4.5	7.01	1.03885e+06	15361.8	8220.76	454075	67.6254	55.2352
149	4.5	7.01	903968	11678.2	4327.4	280076	77.4067	64.7215
150	4.5	7.01	667959	12437.9	5060.26	266323	53.7036	52.6303

# SUMMARY
# quantity	n	median	mean	geometric_mean	std	min	max	P10	P90	skewness
# ON_OFF_SET	150	198	239	200.5	201.5	52.56	2104	105.7	366.5	5.95
# ON_OFF_RESET	150	99.76	101.3	94.58	36.59	24.17	238.2	59.4	148.7	0.6168
# HRS_SET_ohm	150	2.583e+06	3.052e+06	2.649e+06	2.292e+06	6.68e+05	2.399e+07	1.512e+06	4.595e+06	5.827
# LRS_SET_ohm	150	1.317e+04	1.335e+04	1.321e+04	1999	1.019e+04	2.077e+04	1.114e+04	1.625e+04	0.7474
# LRS_RESET_ohm	150	5694	6276	6085	1684	3477	1.335e+04	4753	8498	1.509
# HRS_RESET_ohm	150	5.932e+05	5.94e+05	5.755e+05	1.457e+05	1.298e+05	1.334e+06	4.338e+05	7.556e+05	0.76
