cycle	Vset_V	V_at_Imax_reset_V	Imax_reset_A	HRS_SET_ohm	LRS_SET_ohm	LRS_RESET_ohm	HRS_RESET_ohm	ON_OFF_SET	ON_OFF_RESET	reset_type
1	0.40021	-0.450355	0.000486335	1274.74	1226.58	1241.92	739554	1.03927	595.494	abrupt
2	1.30088	-2.20191	0.000381399	1.27121e+06	4200.77	4037.25	1.1058e+06	302.613	273.9	gradual
3	1.20084	-2.20199	0.000346302	1.36908e+06	3747.58	3605.85	1.26397e+06	365.325	350.533	gradual
4	0.900579	-0.400388	0.000645833	1.59258e+06	8778.63	8413.63	846214	181.416	100.577	abrupt
5	1.00068	-2.20197	0.000338944	1.18898e+06	5012.24	4923.12	605711	237.214	123.034	gradual
6	0.800508	-0.600522	0.000452859	664381	1342.76	1348.96	605957	494.787	449.204	abrupt
7	1.30091	-0.500426	0.00064682	1.01445e+06	2710.15	2627.19	449882	374.316	171.24	abrupt
8	0.750493	-0.45039	0.000570729	1.32292e+06	3132.42	1427.1	884291	422.332	619.64	abrupt
9	1.00069	-0.400339	0.000430816	1.47043e+06	2092.49	2097.99	979240	702.718	466.753	abrupt
10	1.00069	-2.20188	0.000315809	2.0142e+06	6037.78	5827.97	1.12229e+06	333.6	192.57	gradual
11	1.30092	-0.500388	0.000536854	1.7741e+06	8005.39	7682.55	910413	221.613	118.504	abrupt
12	1.35095	-0.450371	0.000535816	1.39953e+06	1341.4	1323.51	678442	1043.34	512.609	abrupt
13	1.45102	-0.700577	0.000700286	1.61781e+06	3079.21	3001.45	602210	525.4	200.64	abrupt
14	0.950639	-0.600502	0.000376702	1.66136e+06	9248.13	7820.19	508416	179.642	65.0133	abrupt
15	1.10072	-0.700591	0.000484229	449770	8251.33	7922.39	709189	54.5089	89.5171	abrupt
16	1.20083	-1.05085	0.000456168	1.01694e+06	3868.12	3827.28	475659	262.903	124.281	abrupt
17	1.60111	-0.800664	0.00173041	1.11811e+06	413.301	413.959	582125	2705.32	1406.24	abrupt
18	1.65114	-0.550442	0.000708073	1.094e+06	1827.42	1755.1	569727	598.659	324.613	abrupt
19	1.70115	-0.450363	0.000985182	1.0697e+06	1935.29	1824.57	602314	552.731	330.114	abrupt
20	1.35094	-0.400337	0.00049118	1.07268e+06	1044.72	1044.98	551547	1026.77	527.805	abrupt
21	1.40095	-0.750621	0.00198975	647233	495.322	493.86	421619	1306.69	853.723	abrupt
22	1.25089	-2.20186	0.000470308	425754	5041.36	4875.81	570344	84.4522	116.974	gradual
23	1.00068	-0.850687	0.00239638	453222	399.246	400.539	435799	1135.2	1088.03	abrupt
24	1.35095	-0.700573	0.00185343	666057	421.375	421.658	415357	1580.68	985.056	abrupt
25	1.60108	-0.900742	0.00265893	427450	369.538	370.353	529967	1156.71	1430.98	abrupt
26	1.45101	-0.550447	0.000518452	1.00315e+06	2292.99	2270.5	612307	437.485	269.679	abrupt
27	1.25089	-2.20199	0.000421481	1.10325e+06	3668.99	3613.51	742262	300.695	205.413	gradual
28	1.85127	-0.800685	0.00230974	1.07684e+06	346.613	349.028	509020	3106.76	1458.39	abrupt
29	1.6011	-0.650519	0.00179718	660219	359.338	361.621	264502	1837.32	731.434	abrupt
30	1.10074	-0.550454	0.00116195	250119	419.757	423.362	318909	595.866	753.278	abrupt
31	0.850563	-0.550443	0.000826435	331304	470.349	478.454	230973	704.379	482.748	abrupt
32	0.550332	-0.750639	0.000534221	262568	735.221	756.96	249889	357.128	330.122	abrupt
33	0.500267	-0.250196	0.000446316	232041	537.628	546.329	313976	431.602	574.702	abrupt
34	0.450262	-0.750619	0.000559634	466788	743.013	774.907	542969	628.236	700.689	abrupt
35	1.00067	-0.800675	0.000490435	541299	551.606	862.744	468902	981.313	543.501	abrupt
36	0.45027	-0.75061	0.000578357	436035	741.17	776.371	373355	588.306	480.898	abrupt
37	1.0007	-0.650511	0.000625998	383771	712.297	732.365	341793	538.78	466.698	abrupt
38	0.900591	-0.550424	0.000533444	371049	666.629	684.208	314792	556.605	460.082	abrupt
39	1.1508	-0.600477	0.000932527	366031	510.484	513.623	694401	717.028	1351.97	abrupt
40	0.800528	-0.55042	0.000988909	1.02251e+06	440.062	447.65	279520	2323.55	624.415	abrupt
41	0.50026	-0.600501	0.000847285	349914	542.489	546.24	419894	645.015	768.698	abrupt
42	0.600353	-0.550467	0.00092749	422081	459.952	454.767	329177	917.662	723.836	abrupt
43	0.950668	-0.550455	0.000640127	253464	358.206	361.102	277722	707.593	769.094	abrupt
44	0.350171	-0.350275	0.000536012	261868	493.499	496.302	169005	530.635	340.527	abrupt
45	0.750477	-2.20188	0.000453913	146796	480.225	495.941	179931	305.683	362.807	gradual
46	0.900577	-0.40035	0.000716013	133259	453.242	450.787	247663	294.013	549.402	abrupt
47	0.95065	-0.250205	0.000551564	285828	461.76	463.561	364148	618.996	785.545	abrupt
48	0.950646	-2.20186	0.000420165	358432	526.772	537.019	386055	680.43	718.885	gradual
49	1.05071	-2.20168	0.000432448	352364	575.608	580.896	250352	612.159	430.976	gradual
50	0.90057	-0.500404	0.000433768	294384	705.531	712.342	212820	417.252	298.761	abrupt
