best_no	run	cycle	valid	score	Vset_V	Vreset_V	Ireset_A	R_LRS_ohm	R_HRS_ohm	ON_OFF	R_preSET_ohm	Vstop_V
1	2_21	2	True	2.00603	1.80001	-0.599913	0.000107232	13754.8	4.20078e+06	305.406	2.66636e+07	-2.99878
2	2_21	3	True	2.41048	1.80001	-0.499911	0.000238735	3118.21	4.42249e+06	1418.28	5.09474e+07	-2.99881
3	2_21	4	True	2.58369	1.90002	-0.69992	0.000412762	2212.81	4.30764e+06	1946.68	5.87647e+07	-2.99882
4	2_21	5	True	2.24274	1.70004	-0.799926	0.000193081	8234	3.30486e+06	401.368	5.75142e+07	-2.99877
5	2_21	6	True	2.25942	1.80002	-0.699926	0.000306882	3674	2.88512e+06	785.279	2.47182e+07	-2.99879
6	2_21	7	True	2.03651	1.30007	-0.59992	0.000192489	5468.27	2.7524e+06	503.34	1.73058e+07	-2.9988
7	2_21	8	True	1.83916	0.900064	-0.999935	0.000198552	10997.5	2.66389e+06	242.228	1.78135e+07	-2.99877
8	2_21	9	True	2.09273	1.70002	-0.599937	0.000268152	5547.91	2.71551e+06	489.466	5.42555e+07	-2.99897
9	2_21	10	True	2.55299	1.80001	-0.899939	0.000699572	1592.24	2.42096e+06	1520.47	4.7504e+07	-2.99883
10	2_21	11	True	2.51708	1.70004	-0.89994	0.000630129	2042.35	2.30666e+06	1129.41	2.35581e+07	-2.99883
11	2_21	12	True	2.19635	2.30038	-0.999939	0.000841837	1389.87	1.93235e+06	1390.31	2.18296e+07	-2.99881
12	2_21	13	True	1.84089	2.40044	-0.699934	0.000523936	1840.58	1.99842e+06	1085.76	2.75371e+07	-2.99888
13	2_21	14	True	2.26152	1.80002	-0.89995	0.000376767	3191.38	2.10345e+06	659.104	2.48491e+07	-2.99892
14	2_21	15	True	2.01624	2.30034	-0.799941	0.000584687	1477.11	1.89332e+06	1281.78	2.24935e+07	-2.99881
15	2_21	16	True	1.83341	1.10006	-0.699931	0.00019199	4395.35	1.94474e+06	442.454	1.87188e+07	-2.9988
16	2_21	17	True	1.92861	1.30007	-0.599923	0.000169678	3633.16	1.87718e+06	516.68	1.86841e+07	-2.99892
17	2_21	18	True	2.0444	1.80003	-0.89995	0.000621848	4920.86	1.81614e+06	369.071	1.47996e+07	-2.99892
18	2_21	19	True	1.88919	2.20054	-0.799951	0.000451497	2793.7	1.87946e+06	672.751	1.39156e+07	-2.99887
19	2_21	27	True	1.68612	2.00001	-0.799945	0.00029678	5676.22	1.52136e+06	268.023	1.00921e+07	-2.99892
20	2_21	40	True	1.6111	1.90003	-0.399935	0.000257636	1719.01	1.09284e+06	635.74	6.60474e+06	-2.99901
21	TE_SET	2	True	3.57873	2.20115	-0.800599	0.000552763	1820.44	2.2321e+08	122614	3.35814e+08	-2.5018
22	TE_SET	3	True	3.11209	2.20115	-0.950665	0.000789228	1552.06	2.16348e+07	13939.4	9.26448e+08	-2.50165
23	TE_SET	4	True	2.98117	1.55101	-1.00072	0.00041846	6649.73	1.1428e+07	1718.56	2.47665e+07	-2.50185
24	TE_SET	5	True	2.81698	1.8512	-0.900664	0.000527715	3242.63	7.80497e+06	2406.98	1.60273e+07	-2.5017
25	TE_SET	6	True	2.83815	1.30082	-0.900653	0.000333351	6431.07	1.59285e+07	2476.81	6.3592e+06	-2.50179
26	TE_SET	7	True	3.28044	1.60102	-0.900647	0.000445262	4968.92	3.7624e+07	7571.85	1.69948e+07	-2.50185
27	TE_SET	8	True	3.16862	1.80115	-0.750538	0.000413184	2456.37	2.8498e+07	11601.7	3.99988e+07	-2.50174
28	TE_SET	9	True	3.09116	1.55102	-1.10081	0.000301455	20194.6	1.2006e+08	5945.14	3.17731e+07	-2.5017
29	TE_SET	10	True	3.20204	2.00127	-0.90066	0.000535215	2751.94	3.97764e+07	14453.9	7.26268e+07	-2.50181
30	TE_SET	11	True	2.80357	1.551	-1.05075	0.000298332	9528.9	1.01069e+07	1060.66	7.38136e+07	-2.50181
31	TE_SET	12	True	3.30314	1.50096	-1.00072	0.000290483	6235.02	4.00216e+07	6418.84	1.13109e+07	-2.50228
32	TE_SET	13	True	2.81518	2.00127	-0.950679	0.000582167	3794.6	1.16945e+07	3081.88	4.8373e+07	-2.50162
33	TE_SET	14	True	2.11749	1.50095	-2.30131	0.000296195	13120.3	4.15237e+07	3164.84	1.3357e+07	-2.50183
34	TE_SET	15	True	2.7166	2.30095	-0.800591	0.000488533	2697.42	1.78698e+07	6624.77	8.61713e+07	-2.50183
35	TE_SET	16	True	1.91456	1.80115	-2.40135	0.000330792	5440.99	1.60275e+07	2945.7	5.06273e+07	-2.50168
36	TE_SET	17	True	2.96063	1.80115	-1.05074	0.000366557	9701.49	3.46423e+07	3570.82	1.10756e+07	-2.50231
37	TE_SET	18	True	2.30075	1.60104	-1.1008	0.000188965	26419	1.26825e+07	480.054	6.35162e+07	-2.5018
38	TE_SET	19	True	2.60754	1.35088	-1.05074	0.000182211	23895.7	4.07031e+07	1703.36	9.14651e+07	-2.5019
39	TE_SET	20	True	2.53815	1.05068	-0.900653	0.000118179	19388.4	4.8967e+07	2525.58	1.55214e+08	-2.50182
40	TE_SET	21	True	2.50956	1.50095	-1.20086	0.00017642	22832.9	2.67668e+07	1172.29	1.02783e+08	-2.50176
41	TE_SET	22	True	2.91841	1.35087	-1.00072	0.000186743	13323.1	3.25489e+07	2443.05	5.3292e+07	-2.50172
42	TE_SET	23	True	2.69078	1.40092	-1.15084	0.000176793	16723.2	3.03071e+07	1812.29	1.48774e+08	-2.50191
43	TE_SET	24	True	2.65247	1.35088	-1.20087	0.000158127	19469.4	4.73182e+07	2430.39	5.87666e+07	-2.50172
44	TE_SET	25	True	2.3773	1.50095	-1.20089	0.000149392	29554.3	2.83085e+07	957.846	7.64562e+07	-2.50182
45	TE_SET	26	True	2.46755	1.25083	-1.05076	0.000123001	23599.3	3.02391e+07	1281.35	4.74215e+07	-2.50181
46	TE_SET	27	True	2.13101	1.45094	-1.25089	9.55605e-05	36189.6	2.26725e+07	626.492	9.60242e+07	-2.50182
47	TE_SET	40	True	1.63351	1.20074	-1.30094	0.00010479	54298.3	1.81255e+07	333.814	934643	-2.50181
48	TE_SET	45	True	2.35995	2.25116	-1.00072	0.000442685	6066.39	5.90094e+06	972.727	2.71175e+07	-2.50187
49	TE_SET	46	True	1.93985	1.65106	-1.00073	0.000254613	15328.1	2.14432e+06	139.895	7.74547e+06	-2.50203
50	TE_SET	47	True	2.09733	1.50094	-1.15086	0.000227798	22470.4	4.84596e+06	215.66	8.94021e+06	-2.50159
