run	cycle	valid	score	Vset_V	Vreset_V	Ireset_A	R_LRS_ohm	R_HRS_ohm	ON_OFF	R_preSET_ohm	Vstop_V
2_21	1	False		0.100072	-2.19883	0.00262935	969.633	5.03212e+06	5189.72	1820.69	-2.99882
2_21	2	True	2.00603	1.80001	-0.599913	0.000107232	13754.8	4.20078e+06	305.406	2.66636e+07	-2.99878
2_21	3	True	2.41048	1.80001	-0.499911	0.000238735	3118.21	4.42249e+06	1418.28	5.09474e+07	-2.99881
2_21	4	True	2.58369	1.90002	-0.69992	0.000412762	2212.81	4.30764e+06	1946.68	5.87647e+07	-2.99882
2_21	5	True	2.24274	1.70004	-0.799926	0.000193081	8234	3.30486e+06	401.368	5.75142e+07	-2.99877
2_21	6	True	2.25942	1.80002	-0.699926	0.000306882	3674	2.88512e+06	785.279	2.47182e+07	-2.99879
2_21	7	True	2.03651	1.30007	-0.59992	0.000192489	5468.27	2.7524e+06	503.34	1.73058e+07	-2.9988
2_21	8	True	1.83916	0.900064	-0.999935	0.000198552	10997.5	2.66389e+06	242.228	1.78135e+07	-2.99877
2_21	9	True	2.09273	1.70002	-0.599937	0.000268152	5547.91	2.71551e+06	489.466	5.42555e+07	-2.99897
2_21	10	True	2.55299	1.80001	-0.899939	0.000699572	1592.24	2.42096e+06	1520.47	4.7504e+07	-2.99883
2_21	11	True	2.51708	1.70004	-0.89994	0.000630129	2042.35	2.30666e+06	1129.41	2.35581e+07	-2.99883
2_21	12	True	2.19635	2.30038	-0.999939	0.000841837	1389.87	1.93235e+06	1390.31	2.18296e+07	-2.99881
2_21	13	True	1.84089	2.40044	-0.699934	0.000523936	1840.58	1.99842e+06	1085.76	2.75371e+07	-2.99888
2_21	14	True	2.26152	1.80002	-0.89995	0.000376767	3191.38	2.10345e+06	659.104	2.48491e+07	-2.99892
2_21	15	True	2.01624	2.30034	-0.799941	0.000584687	1477.11	1.89332e+06	1281.78	2.24935e+07	-2.99881
2_21	16	True	1.83341	1.10006	-0.699931	0.00019199	4395.35	1.94474e+06	442.454	1.87188e+07	-2.9988
2_21	17	True	1.92861	1.30007	-0.599923	0.000169678	3633.16	1.87718e+06	516.68	1.86841e+07	-2.99892
2_21	18	True	2.0444	1.80003	-0.89995	0.000621848	4920.86	1.81614e+06	369.071	1.47996e+07	-2.99892
2_21	19	True	1.88919	2.20054	-0.799951	0.000451497	2793.7	1.87946e+06	672.751	1.39156e+07	-2.99887
2_21	20	True	1.5814	1.20006	-0.499928	0.000107635	5713.71	1.67001e+06	292.282	1.3972e+07	-2.99889
2_21	21	True	1.00569	1.20006	-0.699935	9.98936e-05	30136.7	1.65516e+06	54.9217	1.44114e+07	-2.99884
2_21	22	True	1.54664	1.40005	-0.699935	0.000162588	16606	1.84828e+06	111.301	1.57503e+07	-2.99884
2_21	23	True	-0.130453	1.30005	-2.99893	6.36073e-05	25885	1.60642e+06	62.0598	2.11164e+07	-2.99893
2_21	24	True	1.03601	1.60004	-0.899946	7.63258e-05	52761	1.64688e+06	31.2139	1.17759e+07	-2.99886
2_21	25	True	0.906974	1.20006	-0.899942	9.7119e-05	43528.3	1.55194e+06	35.6536	1.19106e+07	-2.99891
2_21	26	True	-1.42397	1.20007	-2.99896	6.4947e-05	165970	1.21885e+06	7.34378	1.39336e+07	-2.99897
2_21	27	True	1.68612	2.00001	-0.799945	0.00029678	5676.22	1.52136e+06	268.023	1.00921e+07	-2.99892
2_21	28	False		2.20055	-2.29892	0.002491	4808.06	1.41691e+06	294.695	1.4582e+07	-2.99894
2_21	29	True	1.37924	2.40047	-0.799951	0.000222253	5702.15	1.43268e+06	251.252	6.9399e+06	-2.9989
2_21	30	False		2.00001	-2.99889	0.0035825	6692.03	789.03	0.117906	6.92297e+06	-2.99889
2_21	31	False		0.100057	-2.99885	0.00357772	788.981	786.66	0.997058	1820.53	-2.99885
2_21	32	False		0.100067	-2.99875	0.00358428	786.652	782.298	0.994465	1820.62	-2.99875
2_21	33	False		0.100064	-2.99882	0.00359231	782.344	779.236	0.996027	1820.61	-2.99883
2_21	34	False		0.100064	-2.99888	0.00359889	779.209	776.263	0.996219	1820.57	-2.99888
2_21	35	False		0.100065	-2.99885	0.00360352	776.252	1.32927e+06	1712.42	1820.6	-3.49914
2_21	36	True	1.49879	2.50058	-0.699951	0.00046896	1823.2	1.25845e+06	690.246	1.00581e+07	-3.49919
2_21	37	True	1.31792	1.90003	-0.499934	0.000121709	4795.02	984715	205.362	1.37326e+07	-2.99899
2_21	38	True	1.37632	2.30028	-0.699956	0.000484402	2989.73	1.04778e+06	350.461	6.78294e+06	-2.99908
2_21	39	True	1.60289	0.900061	-0.799958	0.000559213	2303.11	1.06153e+06	460.913	6.33948e+06	-2.99895
2_21	40	True	1.6111	1.90003	-0.399935	0.000257636	1719.01	1.09284e+06	635.74	6.60474e+06	-2.99901
2_21	41	True	1.07749	1.80003	-0.69996	0.000184047	16216.1	922923	56.9139	5.37871e+06	-2.99902
2_21	42	True	0.605853	1.30007	-0.799953	8.43915e-05	43720.9	955587	21.8565	5.18786e+06	-2.99896
2_21	43	False		2.50058	-2.99897	0.00347967	1963.74	806.045	0.410463	4.61807e+06	-2.99897
2_21	44	False		0.100054	-3.49907	0.00432879	806.033	755.369	0.937144	1820.47	-3.49907
2_21	45	False		0.100062	-3.99902	0.00489673	755.377	747.167	0.989131	1820.56	-3.99903
2_21	46	False		0.100063	-0.399923	0.00053495	747.189	747.589	1.00054	1820.56	-0.399923
TE_SET	1	False		0.150166	-0.850591	0.000792468	1067.36	5.1697e+07	48434.6	1819.99	-2.50177
TE_SET	2	True	3.57873	2.20115	-0.800599	0.000552763	1820.44	2.2321e+08	122614	3.35814e+08	-2.5018
TE_SET	3	True	3.11209	2.20115	-0.950665	0.000789228	1552.06	2.16348e+07	13939.4	9.26448e+08	-2.50165
TE_SET	4	True	2.98117	1.55101	-1.00072	0.00041846	6649.73	1.1428e+07	1718.56	2.47665e+07	-2.50185
TE_SET	5	True	2.81698	1.8512	-0.900664	0.000527715	3242.63	7.80497e+06	2406.98	1.60273e+07	-2.5017
TE_SET	6	True	2.83815	1.30082	-0.900653	0.000333351	6431.07	1.59285e+07	2476.81	6.3592e+06	-2.50179
TE_SET	7	True	3.28044	1.60102	-0.900647	0.000445262	4968.92	3.7624e+07	7571.85	1.69948e+07	-2.50185
TE_SET	8	True	3.16862	1.80115	-0.750538	0.000413184	2456.37	2.8498e+07	11601.7	3.99988e+07	-2.50174
TE_SET	9	True	3.09116	1.55102	-1.10081	0.000301455	20194.6	1.2006e+08	5945.14	3.17731e+07	-2.5017
TE_SET	10	True	3.20204	2.00127	-0.90066	0.000535215	2751.94	3.97764e+07	14453.9	7.26268e+07	-2.50181
TE_SET	11	True	2.80357	1.551	-1.05075	0.000298332	9528.9	1.01069e+07	1060.66	7.38136e+07	-2.50181
TE_SET	12	True	3.30314	1.50096	-1.00072	0.000290483	6235.02	4.00216e+07	6418.84	1.13109e+07	-2.50228
TE_SET	13	True	2.81518	2.00127	-0.950679	0.000582167	3794.6	1.16945e+07	3081.88	4.8373e+07	-2.50162
TE_SET	14	True	2.11749	1.50095	-2.30131	0.000296195	13120.3	4.15237e+07	3164.84	1.3357e+07	-2.50183
TE_SET	15	True	2.7166	2.30095	-0.800591	0.000488533	2697.42	1.78698e+07	6624.77	8.61713e+07	-2.50183
TE_SET	16	True	1.91456	1.80115	-2.40135	0.000330792	5440.99	1.60275e+07	2945.7	5.06273e+07	-2.50168
TE_SET	17	True	2.96063	1.80115	-1.05074	0.000366557	9701.49	3.46423e+07	3570.82	1.10756e+07	-2.50231
TE_SET	18	True	2.30075	1.60104	-1.1008	0.000188965	26419	1.26825e+07	480.054	6.35162e+07	-2.5018
TE_SET	19	True	2.60754	1.35088	-1.05074	0.000182211	23895.7	4.07031e+07	1703.36	9.14651e+07	-2.5019
TE_SET	20	True	2.53815	1.05068	-0.900653	0.000118179	19388.4	4.8967e+07	2525.58	1.55214e+08	-2.50182
TE_SET	21	True	2.50956	1.50095	-1.20086	0.00017642	22832.9	2.67668e+07	1172.29	1.02783e+08	-2.50176
TE_SET	22	True	2.91841	1.35087	-1.00072	0.000186743	13323.1	3.25489e+07	2443.05	5.3292e+07	-2.50172
TE_SET	23	True	2.69078	1.40092	-1.15084	0.000176793	16723.2	3.03071e+07	1812.29	1.48774e+08	-2.50191
TE_SET	24	True	2.65247	1.35088	-1.20087	0.000158127	19469.4	4.73182e+07	2430.39	5.87666e+07	-2.50172
TE_SET	25	True	2.3773	1.50095	-1.20089	0.000149392	29554.3	2.83085e+07	957.846	7.64562e+07	-2.50182
TE_SET	26	True	2.46755	1.25083	-1.05076	0.000123001	23599.3	3.02391e+07	1281.35	4.74215e+07	-2.50181
TE_SET	27	True	2.13101	1.45094	-1.25089	9.55605e-05	36189.6	2.26725e+07	626.492	9.60242e+07	-2.50182
TE_SET	28	True	0.334129	1.30086	-1.30092	8.76835e-05	82840.9	1.26458e+06	15.2651	6.03096e+07	-2.50176
TE_SET	29	True	-0.278852	1.15077	-1.60112	8.52318e-05	91963.1	865510	9.41149	2.1276e+06	-2.50175
TE_SET	30	True	-0.104605	1.15075	-1.30094	8.71619e-05	77350.2	674893	8.72516	1.2578e+06	-2.50168
TE_SET	31	True	0.577214	1.20076	-1.20087	8.65918e-05	56128.5	1.29301e+06	23.0366	1.2283e+06	-2.50174
TE_SET	32	True	1.17201	1.25083	-1.30094	8.65228e-05	72164.9	5.24585e+06	72.6925	836367	-2.50192
TE_SET	33	True	-0.129316	1.30085	-2.40175	8.16997e-05	187548	5.96435e+06	31.8018	6.35335e+06	-2.50179
TE_SET	34	True	-0.494309	1.60105	-2.35164	9.54465e-05	145377	1.60939e+06	11.0705	2.94704e+07	-2.50175
TE_SET	35	True	0.897287	1.65108	-1.50106	8.24881e-05	129579	6.92463e+06	53.4393	3.02403e+06	-2.5018
TE_SET	36	True	0.379906	2.30082	-1.60111	6.88412e-05	128520	6.67352e+06	51.926	1.30186e+07	-2.50187
TE_SET	37	True	1.10378	1.50096	-1.60112	9.68409e-05	147124	2.28292e+07	155.169	2.42172e+07	-2.50177
TE_SET	38	True	0.659181	1.85119	-1.60113	6.4119e-05	147349	8.18332e+06	55.5371	5.89774e+07	-2.5017
TE_SET	39	False		1.75113	-1.45105	9.91161e-05	109025	443772	4.07036	2.52232e+07	-2.50185
TE_SET	40	True	1.63351	1.20074	-1.30094	0.00010479	54298.3	1.81255e+07	333.814	934643	-2.50181
TE_SET	41	True	1.44295	1.3509	-1.35098	9.32161e-05	49600.2	5.80233e+06	116.982	3.0919e+07	-2.50179
TE_SET	42	True	1.39726	1.25081	-1.3009	9.24592e-05	58440.2	7.75214e+06	132.651	7.80669e+06	-2.50161
TE_SET	43	True	0.929354	1.55103	-1.65117	8.2128e-05	166455	1.57194e+07	94.4361	2.55347e+07	-2.50183
TE_SET	44	True	-0.0186662	1.75112	-2.50193	0.000125808	190795	1.08958e+07	57.1075	3.85989e+07	-2.50193
TE_SET	45	True	2.35995	2.25116	-1.00072	0.000442685	6066.39	5.90094e+06	972.727	2.71175e+07	-2.50187
TE_SET	46	True	1.93985	1.65106	-1.00073	0.000254613	15328.1	2.14432e+06	139.895	7.74547e+06	-2.50203
TE_SET	47	True	2.09733	1.50094	-1.15086	0.000227798	22470.4	4.84596e+06	215.66	8.94021e+06	-2.50159
TE_SET	48	True	1.24398	1.50096	-2.50167	0.000139083	31253.4	1.7616e+07	563.651	2.78816e+07	-2.50182
TE_SET	49	True	-0.054574	1.25085	-2.5018	0.000109829	44933.4	1.75032e+06	38.9537	3.13169e+07	-2.5018
TE_SET	50	True	-0.0976964	0.950611	-2.50182	9.66394e-05	61666.8	3.08234e+06	49.9838	2.36326e+06	-2.50182
