sel_no	run	cycle	Vset_V	Vreset_V	HRS_pos_0.05V	LRS_pos_0.05V	LRS_neg_0.05V	HRS_neg_0.05V	HRS_pos_0.1V	LRS_pos_0.1V	LRS_neg_0.1V	HRS_neg_0.1V	ONOFF_pos_0.05V	ONOFF_neg_0.05V	ONOFF_pos_0.1V	ONOFF_neg_0.1V
1	2_21	2	1.80001	-0.599913	NaN	NaN	NaN	NaN	1.19683e+07	17814.4	17600.6	1.25703e+07	NaN	NaN	671.834	714.196
2	2_21	3	1.80001	-0.499911	NaN	NaN	NaN	NaN	5.00874e+07	3816.21	3739.06	1.29223e+07	NaN	NaN	13124.9	3456.02
3	2_21	4	1.90002	-0.69992	NaN	NaN	NaN	NaN	5.58734e+07	2323.4	2356.6	1.25442e+07	NaN	NaN	24048.1	5322.99
4	2_21	5	1.70004	-0.799926	NaN	NaN	NaN	NaN	4.34059e+07	9239.52	9774	8.03786e+06	NaN	NaN	4697.86	822.372
5	2_21	6	1.80002	-0.699926	NaN	NaN	NaN	NaN	2.93765e+07	4080.19	4199.86	7.46089e+06	NaN	NaN	7199.78	1776.46
6	2_21	7	1.30007	-0.59992	NaN	NaN	NaN	NaN	1.76768e+07	6554.24	6443.41	6.48177e+06	NaN	NaN	2697	1005.95
7	2_21	8	0.900064	-0.999935	NaN	NaN	NaN	NaN	2.09716e+07	11544.8	12538.5	6.80932e+06	NaN	NaN	1816.53	543.074
8	2_21	9	1.70002	-0.599937	NaN	NaN	NaN	NaN	2.6332e+07	6348.09	6230.89	6.68858e+06	NaN	NaN	4148.02	1073.46
9	2_21	10	1.80001	-0.899939	NaN	NaN	NaN	NaN	3.88711e+07	1726.55	1721.61	5.91232e+06	NaN	NaN	22513.7	3434.18
10	2_21	11	1.70004	-0.89994	NaN	NaN	NaN	NaN	2.3093e+07	2442.08	2402.86	5.13811e+06	NaN	NaN	9456.28	2138.33
11	2_21	12	2.30038	-0.999939	NaN	NaN	NaN	NaN	2.14866e+07	1492.11	1490.67	5.4494e+06	NaN	NaN	14400.2	3655.67
12	2_21	13	2.40044	-0.699934	NaN	NaN	NaN	NaN	2.28475e+07	2038.62	2024.2	4.93937e+06	NaN	NaN	11207.4	2440.16
13	2_21	14	1.80002	-0.89995	NaN	NaN	NaN	NaN	2.19959e+07	3267.4	3247.94	4.89948e+06	NaN	NaN	6731.91	1508.49
14	2_21	15	2.30034	-0.799941	NaN	NaN	NaN	NaN	1.91196e+07	1530.51	1529.31	4.50621e+06	NaN	NaN	12492.3	2946.57
15	2_21	16	1.10006	-0.699931	NaN	NaN	NaN	NaN	2.00261e+07	4421.28	4588.26	4.75277e+06	NaN	NaN	4529.48	1035.86
16	2_21	17	1.30007	-0.599923	NaN	NaN	NaN	NaN	1.82356e+07	4157.58	4075.46	4.31466e+06	NaN	NaN	4386.1	1058.69
17	2_21	18	1.80003	-0.89995	NaN	NaN	NaN	NaN	1.47167e+07	5677.55	5471.27	4.42211e+06	NaN	NaN	2592.09	808.243
18	2_21	19	2.20054	-0.799951	NaN	NaN	NaN	NaN	1.43514e+07	3144.09	3106.95	4.30582e+06	NaN	NaN	4564.56	1385.86
19	2_21	20	1.20006	-0.499928	NaN	NaN	NaN	NaN	1.32899e+07	6058.67	5921.26	4.2982e+06	NaN	NaN	2193.53	725.893
20	2_21	21	1.20006	-0.699935	NaN	NaN	NaN	NaN	1.50697e+07	32881.9	33210.6	4.09407e+06	NaN	NaN	458.297	123.276
21	2_21	22	1.40005	-0.699935	NaN	NaN	NaN	NaN	1.58486e+07	18524	18482.8	4.51444e+06	NaN	NaN	855.573	244.25
22	2_21	23	1.30005	-2.99893	NaN	NaN	NaN	NaN	1.76699e+07	27922.5	27895.3	3.78543e+06	NaN	NaN	632.819	135.701
23	2_21	25	1.20006	-0.899942	NaN	NaN	NaN	NaN	1.26549e+07	46824	45977.3	3.67967e+06	NaN	NaN	270.265	80.0323
24	2_21	27	2.00001	-0.799945	NaN	NaN	NaN	NaN	9.05359e+06	6388.24	6210.16	3.57831e+06	NaN	NaN	1417.23	576.202
25	2_21	36	2.50058	-0.699951	NaN	NaN	NaN	NaN	9.50427e+06	2022.19	2010.53	2.73605e+06	NaN	NaN	4699.98	1360.86
26	TE_SET	4	1.55101	-1.00072	4.76793e+08	8022.26	8032.92	3.17254e+07	4.8764e+07	7736.51	7648.99	1.53057e+07	59433.8	3949.42	6303.1	2001.01
27	TE_SET	5	1.8512	-0.900664	5.60972e+07	3739.89	3754.88	1.34182e+07	2.68239e+07	3618.97	3649.3	1.77793e+07	14999.7	3573.52	7412.04	4871.98
28	TE_SET	6	1.30082	-0.900653	1.75838e+07	7843.75	7983.23	5.99868e+07	1.18271e+07	7560	7609.1	2.68659e+07	2241.75	7514.09	1564.43	3530.76
29	TE_SET	7	1.60102	-0.900647	1.28368e+08	5607.89	5658.13	6.43483e+07	8.32768e+07	5401.96	5654.71	6.33739e+07	22890.5	11372.7	15416	11207.3
30	TE_SET	8	1.80115	-0.750538	1.77881e+08	2728.33	2745.31	7.41428e+07	4.92475e+07	2656.82	2666.45	4.34344e+07	65197.9	27007.1	18536.3	16289.2
31	TE_SET	10	2.00127	-0.90066	7.9055e+08	3092.82	3105.21	5.88609e+07	3.3775e+08	3008.74	3014.69	5.98728e+07	255608	18955.5	112256	19860.3
32	TE_SET	11	1.551	-1.05075	1.75204e+08	12380.6	12755.4	2.72755e+07	1.52177e+08	11258.9	11471.3	2.65722e+07	14151.4	2138.36	13516.2	2316.4
33	TE_SET	12	1.50096	-1.00072	5.87935e+07	7697.42	7694.94	5.54781e+07	3.56055e+07	7346.26	7357.38	5.66289e+07	7638.08	7209.68	4846.76	7696.87
34	TE_SET	13	2.00127	-0.950679	9.64951e+07	4405.39	4423.46	2.659e+07	5.84651e+07	4285.05	4263.74	2.80447e+07	21903.9	6011.13	13643.9	6577.5
35	TE_SET	14	1.50095	-2.30131	2.52982e+07	15948	16044.6	1.1891e+08	2.12101e+07	15306.4	15352.4	8.56359e+07	1586.29	7411.24	1385.7	5578.02
36	TE_SET	15	2.30095	-0.800591	1.02741e+09	3103.73	3116.76	4.16432e+07	2.01871e+08	3007.71	3000.15	2.84986e+07	331025	13361.1	67118.1	9499.07
37	TE_SET	16	1.80115	-2.40135	1.32667e+08	5899.15	5966.72	2.37203e+07	6.57793e+07	5805.89	5930.75	2.90559e+07	22489.1	3975.44	11329.7	4899.19
38	TE_SET	17	1.80115	-1.05074	6.96812e+07	10941.4	10929.8	1.19089e+08	5.42476e+07	10696.2	10532.1	8.13455e+07	6368.6	10895.7	5071.67	7723.61
39	TE_SET	18	1.60104	-1.1008	4.734e+08	28791.9	29208.6	4.17832e+07	9.57368e+07	28007.9	28574	2.49407e+07	16442.1	1430.51	3418.21	872.848
40	TE_SET	21	1.50095	-1.20086	1.71746e+08	26890.6	27271	4.16233e+07	3.36156e+08	25774.4	26190.1	3.08433e+07	6386.83	1526.29	13042.2	1177.67
41	TE_SET	22	1.35087	-1.00072	9.40313e+08	14242.6	14292.4	8.85605e+07	1.08409e+08	14061	14076.3	6.85365e+07	66021.1	6196.32	7709.91	4868.93
42	TE_SET	23	1.40092	-1.15084	4.8868e+08	18001.8	18059.3	1.03449e+08	2.63697e+08	17737.7	17730.2	7.82274e+07	27146.2	5728.31	14866.4	4412.1
43	TE_SET	25	1.50095	-1.20089	1.8475e+08	32261.1	32375.7	5.3811e+07	3.25791e+08	31690.1	31667.7	3.78355e+07	5726.71	1662.08	10280.5	1194.77
44	TE_SET	27	1.45094	-1.25089	1.91616e+09	38834.1	38888.4	6.32523e+07	2.91246e+08	38398.2	38227	4.80923e+07	49342.1	1626.51	7584.91	1258.07
45	TE_SET	41	1.3509	-1.35098	9.14657e+07	51522.7	50256.2	1.20219e+07	9.70749e+07	51144.3	51120.2	7.00276e+06	1775.25	239.213	1898.06	136.986
46	TE_SET	45	2.25116	-1.00072	9.87703e+07	6796.21	6765.09	6.29126e+06	4.17304e+07	6679.03	6627.67	5.73693e+06	14533.1	929.959	6247.98	865.603
47	TE_SET	46	1.65106	-1.00073	3.7162e+07	16606.9	16645.3	2.73785e+06	1.23311e+07	16392.1	16337.6	2.5245e+06	2237.74	164.482	752.258	154.521
48	TE_SET	47	1.50094	-1.15086	1.02479e+07	25003	25130.6	8.46765e+06	1.05696e+07	24397.9	24506.3	6.22891e+06	409.865	336.946	433.218	254.176
49	TE_SET	48	1.50096	-2.50167	3.73368e+07	34865.9	35227.3	4.26167e+07	1.36979e+07	34134.4	34095.7	4.16567e+07	1070.87	1209.76	401.294	1221.76
50	TE_SET	49	1.25085	-2.5018	9.32704e+07	49335.3	49881	1.95229e+06	7.65686e+07	48202.5	48809.9	2.49491e+06	1890.54	39.1389	1588.48	51.1149
