cycle	Vset_V	V_at_Imax_reset_V	Imax_reset_A	HRS_SET_ohm	LRS_SET_ohm	LRS_RESET_ohm	HRS_RESET_ohm	ON_OFF_SET	ON_OFF_RESET	reset_type
1	0.10007	-1.70143	0.00480989	NaN	NaN	581.64	107771	NaN	185.289	abrupt
2	0.350132	-2.00166	0.000427405	124349	1198.79	1391.6	95529.7	103.729	68.6472	gradual
3	0.500242	-2.00168	0.000436126	118350	1520.63	6167.98	116195	77.8295	18.8384	gradual
4	0.550286	-2.00169	0.000373552	130627	2179.45	29339	116539	59.9356	3.97216	gradual
5	0.65039	-2.00169	0.000359284	133784	1479.46	1724.99	119831	90.4279	69.4677	gradual
6	0.800486	-2.0017	0.000351485	136209	2557.8	54408.2	96353.1	53.2524	1.77093	gradual
7	0.600302	-2.00168	0.000361964	84609.5	1311.44	1530.53	46305.6	64.5163	30.2547	gradual
8	0.450192	-2.00168	0.000340673	68881.8	1191.06	4282.36	139141	57.8321	32.4916	gradual
9	0.800468	-2.00167	0.000333725	149456	1453.09	7902.97	172693	102.854	21.8517	gradual
10	0.900587	-2.00169	0.000366263	181271	1596.05	3586.06	100908	113.574	28.139	gradual
11	0.850554	-2.00169	0.000359796	111735	1396.53	16981.9	41659.3	80.0084	2.45315	gradual
12	0.900584	-2.00172	0.000351362	48662.5	1347.79	7896.69	115798	36.1055	14.6641	gradual
13	0.650373	-2.00169	0.000333347	142199	2236.46	2257.05	125140	63.5821	55.4441	gradual
14	1.00067	-2.00169	0.000349313	122738	13794.9	13811.7	140909	8.89731	10.2022	gradual
15	0.950661	-2.00169	0.000342961	146520	6130.79	5998.58	168770	23.8991	28.1349	gradual
16	1.15077	-0.400465	0.000410178	179024	NaN	608.879	112886	NaN	185.399	abrupt
17	0.700422	-2.00168	0.000326595	121968	2370.91	2459.14	127745	51.4437	51.947	gradual
18	1.00065	-2.00171	0.000322934	134308	NaN	1138.94	165816	NaN	145.588	gradual
19	0.70041	-0.500529	0.000584135	181135	NaN	874.208	113372	NaN	129.685	abrupt
20	1.10072	-2.00171	0.000339704	110733	15645.4	15670.2	124963	7.07769	7.97452	gradual
21	1.10072	-0.60064	0.000748693	114484	974.553	989.881	139870	117.473	141.3	abrupt
22	0.950627	-2.00172	0.000369416	145189	9128.91	9089.35	72512.2	15.9043	7.97771	gradual
23	0.750477	-2.00169	0.000329519	96831.1	8375.05	8555.74	138301	11.5618	16.1648	gradual
24	0.650386	-2.00169	0.00033442	148538	15825.6	15672.5	126503	9.38595	8.07167	gradual
25	1.25088	-0.50052	0.000896475	150866	NaN	537.184	152643	NaN	284.153	abrupt
26	0.950634	-2.00171	0.000330094	159648	3197.57	3128.4	139040	49.9278	44.4446	gradual
27	1.00067	-2.00171	0.000323183	145185	18530.3	19045.2	140351	7.83501	7.36935	gradual
28	0.850561	-2.0017	0.000338681	151205	18838.6	20280.6	136828	8.02632	6.74675	gradual
29	0.600306	-2.0017	0.000327409	149658	18642.3	19494.9	131053	8.02784	6.72244	gradual
30	1.10072	-0.55057	0.000503721	146831	1683.34	1709.09	129750	87.2256	75.9173	abrupt
31	0.600314	-2.0017	0.00033846	131264	13432.4	13799.7	120689	9.77219	8.74577	gradual
32	0.600315	-0.700687	0.00120546	133291	NaN	987.907	161122	NaN	163.094	abrupt
33	1.00066	-2.0017	0.000316244	164686	3516.99	3625.32	149674	46.8257	41.2858	gradual
34	0.600327	-2.00172	0.000348296	159907	5763.91	5871.14	146122	27.7429	24.8881	gradual
35	0.650401	-2.0017	0.000357204	139616	5085.25	5055.45	154061	27.455	30.4743	gradual
36	0.350134	-2.00172	0.000334512	40930.6	4268.33	4325.87	149126	9.58937	34.4731	gradual
37	0.850548	-2.00172	0.000324278	140893	4674.43	4560.87	142427	30.1412	31.2281	gradual
38	0.350085	-2.00169	0.000316744	127704	5497.48	5480.69	147354	23.2295	26.8861	gradual
39	0.950652	-2.00171	0.000317916	145693	5878.27	5774.41	150626	24.7851	26.0851	gradual
40	0.850564	-2.00167	0.000327105	144334	6097.53	6076.74	140099	23.6709	23.055	gradual
41	0.350159	-2.0017	0.000322896	75725.3	5790.53	5847.43	162269	13.0774	27.7506	gradual
42	0.350142	-2.00172	0.000331293	44204.2	5748.41	5795.25	150923	7.68982	26.0425	gradual
43	0.50026	-2.0017	0.000332814	145945	5790.48	6270.52	129876	25.2043	20.7121	gradual
44	0.550302	-2.00168	0.000344034	134778	6620.8	6809.87	137777	20.3568	20.232	gradual
45	0.450209	-2.00169	0.000318994	132336	7083.68	7110.16	141424	18.6818	19.8904	gradual
46	0.600326	-2.00171	0.00033178	141742	6186.92	6437.98	127701	22.9099	19.8355	gradual
47	0.550315	-2.0017	0.000318388	120893	7535.26	7477.33	138957	16.0436	18.5837	gradual
48	0.600318	-2.0017	0.000333833	137830	5601.03	5544.51	91144	24.608	16.4386	gradual
49	0.500249	-2.00171	0.000339258	77039.4	6059.5	6475.65	145682	12.7138	22.4969	gradual
50	0.350149	-2.00171	0.00034291	73839.7	4073.06	3943.21	140686	18.1288	35.678	gradual
